448119509324488481847819147016088251579910960736145583447716092602330164390191950600627582910653555719220306461341755912571678148166140661553650615518935848605920452994163192027464314548505324285394232796563426393951408885746399598773359771239884248174168044342221176121737848516475081019557528149713464982944132515486332523","date":"2024-06-14 19:08:32","signed":1,"transaktion":1}
448119509324
488481847819
147016088251
579910960736
145583447716
092602330164
390191950600
627582910653
555719220306
461341755912
571678148166
140661553650
615518935848
605920452994
163192027464
314548505324
285394232796
563426393951
408885746399
598773359771
239884248174
168044342221
176121737848
516475081019
557528149713
464982944132
515486332523